Ac VERBORUM.

1111111111 oum 1111111111 matrimonia 111-
1111111 111111. 11. 6, 12, 2, 3

1111111111 31111 belli 111111. 11. 22, 113
11. 4,14, 1, 2. Quo 111111 1111111111. 11. 22,
111111.7,1,1. An 111111111311111111-
1111111 deliberatio. 11. 24, 6, 1, 2; 1. 4,
11, 1

ubertati 1111111111 1111 populi 111111. 11.
24, 6, 2,8

ubam populi quid significet 1. 3, 12, 1, 2.
§abditorum obligatur 11 11111 supa-lorum.
111. 2,2, 1. 31111111 non presumitur 11)-
dm 1111111

111111 1111111 externo. 111126, 1; iii. 4, 2,
2, ὁ etp. 10, 1, 112,1, 2. Vonmbiguaqun
11311116111111111111. 111. 4, 2, 1, 2. Qun-
11111 dicuntur, 1111 1111111 1111111111. 111.
4,2, 1,61111.10,1,1,2,1. 0111111111-
tem. iv. 4, 2, 2, ὁ 111.10,1,3. 0111111111
111111111111111111111. 1114, 2, 2, 11 1111.
111111

1111111 11111111 idom. 111. 3, 1

111111ι311.1,11,1;1.1,11,1

111 potent utrinque 1111 1111 poento. 11. 23,
111

111111 Μ1111. 111. 2, 4

1163111 christiani· quo 111111 vetitum 1, 2,
⁸,43 11. 24, 2,4

1111111111111. 11. 3,9, 2

lominwlopmto 111111 quemn-coteno-
cupentur 1111111111. 11. 2, 10,1

1111111111111111111111 11 1 11111111111111-
(1111 in solidum 1113111 pouit. 11. 1219

111161111111111111111111111111. 11. 12, 18

locator 111111 rem 111111, 1111111111 1111111
(1111 quod 1111111111ίά Opornadquid
tenatur. ii. 11, 11

111111111111 ex 11 111111, 1111111 nd 11111-
111111111 1111111311 qun-0. ii. 10, 2, 1, ὰ 2

Locutio (11 futuro 111111 potestati· quo-
111111- ii. 11, 2,8

1111111111 ambigua usurpatio quando 111111.
111. 1,10,13

1111111111 11 (11111111 111111111111 (11 Medio.
11111. 11.7,19

11.

flumbo! bello adjuverunt 1111111111. Vnda
1111111111 11. 11, 9,6
1111111111111111111111111111,1
1111111111 111 11111111 1111111 11. 21, 111
1113111111111141111111111111111 imperinm 111-
1111111111 111111111 1111111111.. 1. 4, 6,1,
6. chrisum 11111 temporo. 1. 2, 7, 1, 2.

427

11111111 non 1111111111 111111 regibus. 1. 4,
6, 3, 4. Ex quibus (1111111 11111111. 11. 17,
20,1. An 1111111111, 11 quod 1 111111
cautionem non 1113111111.ὣῆ Oppidanos
1111111111111311. 111 22,6

Maharbalis 1111111. 111. 22, 11,2

111111111111111 1111111111 1111111111 11111·
11111111. 11110,3

111111111 pro dignm 1111111111 munitur. 1.
8,21,1,2. (1111111111.

111111111111 jun tempore mittuntur. 124,
10, 31 1111111111 111 regno 01111111. 117,
22,1

1111111111 morto 11 punt 1111111111. 11. 11,
16

mutio (11111) qui 1111111111, 111111 11
mandamina 1111111111 111111111131111.
11 11,11

111111111111 mmmm 1111111111 qundo 1111
obliget. 111111.

Mundam 111 111111111111. 11. 12, 18,1

1111111111 11 implori 1111111111 11111111111.

, 11. 16, 21. 1111111111, 1111111111 1111 1111-

trahens, 111 quid obligetur. 111. 22, 4, 1, 3.
(1111111111111111111111 bello. 111.18,1,4
111111111111111, qno 111111 duntur 1111111111
1111111. 11. 17, 20,1

Manlii bellum 11 (1111311111 qudo. 1113,
10

1111111111111.1116,10,1

usumin-io interdum 1111111 1111111111 111-
quit„ 111. 14, 6, 4,11

1111111111 (11.)111(111111111 1111111111. 111. 12,
7,2

1111111111 1111111111τὶ1 regni· 1 populo
6111111. 11.7,17

111111111111111111111 pouit, 11 11111111·
11111111. 11. 2, 3, 1, 2. Non (11111111. 11. 2,
3,2, 3. In fundum 1111111111. 11. 6, 10, 2.
0111111111 omina 11 1111111111 11611. 11.
111. 1111111111 ju· 11 11111. ii. 3,12.
Imperium 11 1111111111111 111. 11. 3, 18

mm· 1111111111· muri 10111 11118.
10,1

111111111111111111111111111

1111111111 pm oomnunibu. 11. 16, 9

1111111111111111 mgb 11111 11111. 11. 7, 8, 1

Matrimonium quid 111111111 1111111. 11. 118,
2. An 11111111 1111111111 11111111 11111-
tum. 11. 5,10,1, 2, 8. Initum 1111 11111111
11111111 1111131. 11. 6,11. 11111311.
31111111.11.7,6,3. Apud 1111111 Rom·
1111111111111111111 restituebatur. 111.11,9,2

Mummi putido 11111111 belli (ω. 11. 22,

 

