Ac VERBORUM.

116111 6116616 nihil 1111 6166 616111 impedit,

111666116. 111. 16,1,1. 1161161111 11111 im- 10

perium. lii. 16, 7. 1116611111 1611161616
generosorum 611. iil. 16,1. 1116611111 16.
111611 16161, 16611 6116116111 66161111. 111.
16. 6. 11166111 6111 1611611. 111160. Per.
111166 1616611161116111 1111610.
Sua religio 66116611. 1616. 5 11

victor curare 66661, 111-6113161611 116616
6166166111. 1616. Quin 61661611. lii. 10,
16. Ejus 6616111111 661, 611 16666111. 111.
10, 111

vindex unguinis 1616 Rubrum 11. 10, 8, 6,
61661

1116161116. 1166111116.

11161616 61111111 61111611. 11 10, 8, 8

1111111 1166611116. 111. 11, 63

11111111 noim 6161 ,111 1166111111 exigit,
exiguntur 611116101111111111. 1. 1,17,6

111 1111111111111111616116.1.1,1,6. 61111
11111611161 616. 11, 1, 7. ’1616116111
61661111.1.1,1,6,1.116611111,61616111.
11,1,6,3,1.Ρ11166166111116. 111. 1,1,8

11, 1611111611 mih, 661611116, 611611611-
11661 1116104

1111 ln 11611 1116661116. 111,1,1,1. Ρο-
611161616161111 1166111661161. An
6666166611. illm 1611 16611111 11
6111111161, 11. 10, 001

111111 111166 6111611111116161111 1611611111.
11. 16,16,4

vii· 1161166 66111 11611111 11 116611. 111. 1,
10. 116666661111611 161 6611616161611.
111 1111

11111 616116 1116111111 6116 6166111. 11. 10, 18,
10,1

1111611111 6611116 6116611 6166116161. li. 17,

vitium 161 11 6611166611 indicandum, 61
61616. ss. 11, 9,1

111111. ill. M

1166611111 1111116 661161111. 11.10,6,1,3.
Helinium 1111161 61 gentium. il. 10, Β, 1,
1. Christianismum 1110,10,1,6

11116111 1611116116 1166. 11. 10, Β, i

11116 populorum, 111 regnorum, 6116 66616·

. , 11....161611611161111

161611661666116 singull 11 obligentur, 61
61116111. 11. 11, 7
166616111111611111611. 111.1,8,1

4ss

1661611 (66) 116111 6116111116 66161161. 11.

i

1616111 1161116166 11 injuris 661. 111. 1, 14. 1

16111161 66111611 prologo. il. 7, 6. Qun
61116611. 11. io, 18. 1161 1611111111,161
661116 161 16611611. 11. 10, m. 6116
1111161111. 11. 11,1

Ὗτιρβολῆ, figur· 6111111. 111. l, 18

Ὗτόκρισισ. 11. 13, 21

116616166611111666161616611111111611-
16111114. Δ 661611616111616116 6116
611161. 1. il 12‚8

Urbium 1111116111 111 ln 66161111 16116 (1116·
661.1.1,11,1

1111161616 locum 161 61661 11161 6161 6661-
16111111661.11.4,1. 1111616511

111116 616 jure 161116. 11.11,10,1,1. 16-
1111 lege 1166111. ibid. Noi. 1. chrisum
11116116. 1616. crinon 611611 6111611 161
1616111111. 11. 11, 11

1111111(61161)1661116111111111666616.11 11,
11. 1161111616111 111 6116116111. 1616.

11111 1161611111 11 616661611611611. 11,
0,1. 1161111 1111111111. limi. 116111
16111 6611111611 6161116111 exin 1611. 11.
11,10,1

11166611 661111 11661, 6111 66616111 minin
1111,11,11,111,10,6,1

11111116161166 1111611166 6611 abditorum
xlma, 616 16111 1661116111. 111 10, 7,

uuum belligeranti 61 1616161111 populn-
iionum. iii. 11, 8,1

liminii: 1116116111. 11. 1,11

1116111 661611116111111111661611636 6111-
66116611.ᾰο,111611111616116111111
m 116, 61111 16661616 ΜΗ. 11.

Ι Ι

1116161, 11611161 1166116 11611111 1111611
611161 1166161111, 611 111 66116161, 61 11
11611161111116161616.11.6,0,1,1,1

X.

zeni· ei Arithmis contravenit. li 111
Ευμμαχία. 11. 16, ii, 2

Ζ.
166166111311611611111116161 1116161

 

